OFF
56 108 0
-1.15277 -1.15277 -1.15278
-1.47726 -1.47726 -0.382139
-1.47676 -0.380203 -1.47775
-1.99799 -0.569882 -0.569882
-0.380204 -1.47676 -1.47775
-0.569882 -1.99799 -0.569882
-0.569883 -0.569883 -1.99799
-1.47726 -1.47726 0.382139
-1.15277 -1.15277 1.15278
-1.99772 -0.571401 0.5714
-1.47775 -0.381268 1.47677
-0.571401 -1.99772 0.5714
-0.38127 -1.47775 1.47677
-0.569883 -0.569883 1.99799
-1.47726 0.38214 -1.47726
-1.99772 0.5714 -0.5714
-1.15277 1.15278 -1.15278
-1.47726 1.47726 -0.382139
-0.571398 0.571398 -1.99772
-0.380736 1.47647 -1.47805
-0.569882 1.99799 -0.569882
-1.99799 0.569882 0.569882
-1.47647 0.380735 1.47805
-1.47726 1.47726 0.382138
-1.15278 1.15276 1.15278
-0.571398 0.571398 1.99772
-0.5714 1.99772 0.5714
-0.382139 1.47726 1.47726
0.38214 -1.47726 -1.47726
0.5714 -1.99772 -0.5714
0.571398 -0.571398 -1.99772
1.15277 -1.15277 -1.15278
1.47726 -1.47726 -0.382138
1.47647 -0.380735 -1.47805
1.99799 -0.569882 -0.569882
0.569882 -1.99799 0.569882
0.380735 -1.47647 1.47805
0.571398 -0.571398 1.99772
1.47726 -1.47726 0.382139
1.15276 -1.15278 1.15278
1.99772 -0.5714 0.5714
1.47726 -0.38214 1.47726
0.569882 0.569882 -1.99799
0.381269 1.47775 -1.47677
0.571401 1.99772 -0.5714
1.47775 0.381269 -1.47677
1.99772 0.571401 -0.5714
1.15278 1.15276 -1.15278
1.47726 1.47726 -0.382139
0.569882 0.569882 1.99799
0.569882 1.99799 0.569882
0.380203 1.47676 1.47775
1.99799 0.569882 0.569882
1.47676 0.380203 1.47776
1.47726 1.47726 0.382139
1.15278 1.15276 1.15278
3 0 1 3
3 0 3 2
3 0 4 5
3 0 5 1
3 0 2 6
3 0 6 4
3 7 8 10
3 7 10 9
3 7 11 12
3 7 12 8
3 8 13 10
3 8 12 13
3 14 15 17
3 14 17 16
3 16 20 19
3 16 17 20
3 14 16 19
3 14 19 18
3 21 22 24
3 21 24 23
3 23 27 26
3 23 24 27
3 22 27 24
3 22 25 27
3 31 34 32
3 31 33 34
3 28 31 32
3 28 32 29
3 28 30 33
3 28 33 31
3 38 41 39
3 38 40 41
3 35 38 39
3 35 39 36
3 36 41 37
3 36 39 41
3 45 48 46
3 45 47 48
3 43 48 47
3 43 44 48
3 42 43 47
3 42 47 45
3 52 55 53
3 52 54 55
3 50 55 54
3 50 51 55
3 49 55 51
3 49 53 55
3 4 28 29
3 4 29 5
3 4 6 30
3 4 30 28
3 11 35 36
3 11 36 12
3 12 37 13
3 12 36 37
3 19 44 43
3 19 20 44
3 18 19 43
3 18 43 42
3 26 51 50
3 26 27 51
3 25 51 27
3 25 49 51
3 2 3 15
3 2 15 14
3 2 14 18
3 2 18 6
3 33 46 34
3 33 45 46
3 30 42 45
3 30 45 33
3 9 10 22
3 9 22 21
3 10 25 22
3 10 13 25
3 40 53 41
3 40 52 53
3 37 53 49
3 37 41 53
3 1 7 9
3 1 9 3
3 1 5 11
3 1 11 7
3 15 21 23
3 15 23 17
3 17 26 20
3 17 23 26
3 32 40 38
3 32 34 40
3 29 32 38
3 29 38 35
3 46 54 52
3 46 48 54
3 44 54 48
3 44 50 54
3 3 9 21
3 3 21 15
3 34 52 40
3 34 46 52
3 5 29 35
3 5 35 11
3 20 50 44
3 20 26 50
3 6 18 42
3 6 42 30
3 13 49 25
3 13 37 49
